

Algorithm1
Solving for array: 1, 2, 4, -1, 4, -10, 4, -19, 18, -1, -3, -4, 11, 3, -20, 19, -33, 50, 66, -22, -4, -55, 91, 100, -102, 9, 10, 19, -10, 10, 11, 11, -10, -18, 50, 90

The best sum is 296
It falls between positions 17 and 35
[50, 66, -22, -4, -55, 91, 100, -102, 9, 10, 19, -10, 10, 11, 11, -10, -18, 50, 90]

********************************************************


Solving for array: 12, 12, 14, -88, -1, 45, 6, 8, -33, 2, 8, -9, -33, -8, -23, -77, -89, 1, 9, 10, 92, 87

The best sum is 199
It falls between positions 17 and 21
[1, 9, 10, 92, 87]

********************************************************


Solving for array: 565, 78, 33, 9, 10, 84, 71, -4, -22, -55, -10, 76, -9, -9, -11, 76, 89, 11, 10, -33, 9

The best sum is 992
It falls between positions 0 and 18
[565, 78, 33, 9, 10, 84, 71, -4, -22, -55, -10, 76, -9, -9, -11, 76, 89, 11, 10]

********************************************************


Solving for array: 2, 3, 3, 3, 3, 3, 3, 3, 3, 3, 3, 3, 3, 3, 3, 3, 3, 3, 3, 3, 3, 3, 3, 3, 3, 3, 3, 3, 3, 3, 3

The best sum is 92
It falls between positions 0 and 30
[2, 3, 3, 3, 3, 3, 3, 3, 3, 3, 3, 3, 3, 3, 3, 3, 3, 3, 3, 3, 3, 3, 3, 3, 3, 3, 3, 3, 3, 3, 3]

********************************************************


Solving for array: 2

The best sum is 2
It falls between positions 0 and 0
[2]

********************************************************


Solving for array: -1, -1, -1, -1, -1, -100, -10, -10, 100, 100, 100, 100, -100, 100, 10, -10, -1

The best sum is 410
It falls between positions 8 and 14
[100, 100, 100, 100, -100, 100, 10]

********************************************************


Solving for array: 12, 23, 44, -17, 12, 14, -88, -1, 45, 6, 8, -33, 2, 8, -9, -33, -8, -23, -77, -89, 1, 9, 13, -25, 10, 92, 57, 99, -22

The best sum is 258
It falls between positions 24 and 27
[10, 92, 57, 99]

********************************************************



Algorithm2
Solving for array: 1, 2, 4, -1, 4, -10, 4, -19, 18, -1, -3, -4, 11, 3, -20, 19, -33, 50, 66, -22, -4, -55, 91, 100, -102, 9, 10, 19, -10, 10, 11, 11, -10, -18, 50, 90

The best sum is 296
It falls between positions 17 and 35
[50, 66, -22, -4, -55, 91, 100, -102, 9, 10, 19, -10, 10, 11, 11, -10, -18, 50, 90]

********************************************************


Solving for array: 12, 12, 14, -88, -1, 45, 6, 8, -33, 2, 8, -9, -33, -8, -23, -77, -89, 1, 9, 10, 92, 87

The best sum is 199
It falls between positions 17 and 21
[1, 9, 10, 92, 87]

********************************************************


Solving for array: 565, 78, 33, 9, 10, 84, 71, -4, -22, -55, -10, 76, -9, -9, -11, 76, 89, 11, 10, -33, 9

The best sum is 992
It falls between positions 0 and 18
[565, 78, 33, 9, 10, 84, 71, -4, -22, -55, -10, 76, -9, -9, -11, 76, 89, 11, 10]

********************************************************


Solving for array: 2, 3, 3, 3, 3, 3, 3, 3, 3, 3, 3, 3, 3, 3, 3, 3, 3, 3, 3, 3, 3, 3, 3, 3, 3, 3, 3, 3, 3, 3, 3

The best sum is 92
It falls between positions 0 and 30
[2, 3, 3, 3, 3, 3, 3, 3, 3, 3, 3, 3, 3, 3, 3, 3, 3, 3, 3, 3, 3, 3, 3, 3, 3, 3, 3, 3, 3, 3, 3]

********************************************************


Solving for array: 2

The best sum is 2
It falls between positions 0 and 0
[2]

********************************************************


Solving for array: -1, -1, -1, -1, -1, -100, -10, -10, 100, 100, 100, 100, -100, 100, 10, -10, -1

The best sum is 410
It falls between positions 8 and 14
[100, 100, 100, 100, -100, 100, 10]

********************************************************


Solving for array: 12, 23, 44, -17, 12, 14, -88, -1, 45, 6, 8, -33, 2, 8, -9, -33, -8, -23, -77, -89, 1, 9, 13, -25, 10, 92, 57, 99, -22

The best sum is 258
It falls between positions 24 and 27
[10, 92, 57, 99]

********************************************************



Algorithm3
Solving for array: 1, 2, 4, -1, 4, -10, 4, -19, 18, -1, -3, -4, 11, 3, -20, 19, -33, 50, 66, -22, -4, -55, 91, 100, -102, 9, 10, 19, -10, 10, 11, 11, -10, -18, 50, 90

The best sum is 296
It falls between positions 17 and 35
[50, 66, -22, -4, -55, 91, 100, -102, 9, 10, 19, -10, 10, 11, 11, -10, -18, 50, 90]

********************************************************


Solving for array: 12, 12, 14, -88, -1, 45, 6, 8, -33, 2, 8, -9, -33, -8, -23, -77, -89, 1, 9, 10, 92, 87

The best sum is 199
It falls between positions 17 and 21
[1, 9, 10, 92, 87]

********************************************************


Solving for array: 565, 78, 33, 9, 10, 84, 71, -4, -22, -55, -10, 76, -9, -9, -11, 76, 89, 11, 10, -33, 9

The best sum is 992
It falls between positions 0 and 18
[565, 78, 33, 9, 10, 84, 71, -4, -22, -55, -10, 76, -9, -9, -11, 76, 89, 11, 10]

********************************************************


Solving for array: 2, 3, 3, 3, 3, 3, 3, 3, 3, 3, 3, 3, 3, 3, 3, 3, 3, 3, 3, 3, 3, 3, 3, 3, 3, 3, 3, 3, 3, 3, 3

The best sum is 92
It falls between positions 0 and 30
[2, 3, 3, 3, 3, 3, 3, 3, 3, 3, 3, 3, 3, 3, 3, 3, 3, 3, 3, 3, 3, 3, 3, 3, 3, 3, 3, 3, 3, 3, 3]

********************************************************


Solving for array: 2

The best sum is 2
It falls between positions 0 and 0
[2]

********************************************************


Solving for array: -1, -1, -1, -1, -1, -100, -10, -10, 100, 100, 100, 100, -100, 100, 10, -10, -1

The best sum is 410
It falls between positions 8 and 14
[100, 100, 100, 100, -100, 100, 10]

********************************************************


Solving for array: 12, 23, 44, -17, 12, 14, -88, -1, 45, 6, 8, -33, 2, 8, -9, -33, -8, -23, -77, -89, 1, 9, 13, -25, 10, 92, 57, 99, -22

The best sum is 258
It falls between positions 24 and 27
[10, 92, 57, 99]

********************************************************



Algorithm4
Solving for array: 1, 2, 4, -1, 4, -10, 4, -19, 18, -1, -3, -4, 11, 3, -20, 19, -33, 50, 66, -22, -4, -55, 91, 100, -102, 9, 10, 19, -10, 10, 11, 11, -10, -18, 50, 90

The best sum is 296
It falls between positions 17 and 35
[50, 66, -22, -4, -55, 91, 100, -102, 9, 10, 19, -10, 10, 11, 11, -10, -18, 50, 90]

********************************************************


Solving for array: 12, 12, 14, -88, -1, 45, 6, 8, -33, 2, 8, -9, -33, -8, -23, -77, -89, 1, 9, 10, 92, 87

The best sum is 199
It falls between positions 17 and 21
[1, 9, 10, 92, 87]

********************************************************


Solving for array: 565, 78, 33, 9, 10, 84, 71, -4, -22, -55, -10, 76, -9, -9, -11, 76, 89, 11, 10, -33, 9

The best sum is 992
It falls between positions 0 and 18
[565, 78, 33, 9, 10, 84, 71, -4, -22, -55, -10, 76, -9, -9, -11, 76, 89, 11, 10]

********************************************************


Solving for array: 2, 3, 3, 3, 3, 3, 3, 3, 3, 3, 3, 3, 3, 3, 3, 3, 3, 3, 3, 3, 3, 3, 3, 3, 3, 3, 3, 3, 3, 3, 3

The best sum is 92
It falls between positions 0 and 30
[2, 3, 3, 3, 3, 3, 3, 3, 3, 3, 3, 3, 3, 3, 3, 3, 3, 3, 3, 3, 3, 3, 3, 3, 3, 3, 3, 3, 3, 3, 3]

********************************************************


Solving for array: 2

The best sum is 2
It falls between positions 0 and 0
[2]

********************************************************


Solving for array: -1, -1, -1, -1, -1, -100, -10, -10, 100, 100, 100, 100, -100, 100, 10, -10, -1

The best sum is 410
It falls between positions 8 and 14
[100, 100, 100, 100, -100, 100, 10]

********************************************************


Solving for array: 12, 23, 44, -17, 12, 14, -88, -1, 45, 6, 8, -33, 2, 8, -9, -33, -8, -23, -77, -89, 1, 9, 13, -25, 10, 92, 57, 99, -22

The best sum is 258
It falls between positions 24 and 27
[10, 92, 57, 99]

********************************************************

